15 5

 1000     0     0 -1000     0
-1000     0     0  1000     0
-1000  1000     0     0     0
    0  1000     0 -1000     0
-1000     0  1000     0     0
    0     0  1000 -1000     0
    0  1000 -1000     0     0
    0 -1000  1000     0     0
    0 -1000     0     0  1000
    0     0 -1000     0  1000
-1000 -2000 -1000 -1000 -1000
-1000 -1000 -2000 -1000 -1000
 1000  1000  1000  1000  2000
-1000 -1000 -1000 -1000 -2000
    0     0     0     0 -1000

    1
    1
    0
    0
    0
    0
    1
    1
    0
    0
-1000
-1000
 1001
 -999
    0
